# Number of nodes: 100
# Number of edges in Barabasi graph: 3
# Graph 	 Messages 	 Different initial 	 Similar Initial
1	1	62.86	42.27
1	2	62.97	45.29
1	3	57.55	43.05
1	4	53.52	55.84
1	5	71.41	52.66
1	6	56.68	56.45
2	1	53.76	40.6
2	2	61.75	56.43
2	3	68.15	50.5
2	4	65.69	47.69
2	5	55.16	51.96
2	6	64.37	56.52
3	1	51.82	37.35
3	2	62.39	55.5
3	3	62.0	42.82
3	4	62.66	51.73
3	5	72.84	53.54
3	6	64.56	48.29
4	1	45.58	44.37
4	2	73.67	50.09
4	3	64.03	50.95
4	4	61.03	39.05
4	5	60.88	41.94
4	6	55.9	43.12
5	1	53.62	51.0
5	2	66.53	55.0
5	3	59.67	42.56
5	4	54.95	40.62
5	5	66.93	61.85
5	6	71.7	63.85
6	1	49.6	41.74
6	2	69.05	48.08
6	3	54.77	43.58
6	4	74.69	52.34
6	5	71.08	57.27
6	6	74.14	45.7
7	1	53.38	47.93
7	2	63.25	46.41
7	3	59.41	50.13
7	4	59.23	57.31
7	5	59.09	52.62
7	6	58.37	55.92
8	1	57.93	43.85
8	2	60.16	37.82
8	3	64.38	51.28
8	4	55.96	49.03
8	5	55.3	44.04
8	6	61.39	34.23
9	1	55.84	41.0
9	2	59.28	43.25
9	3	65.64	49.86
9	4	64.12	43.05
9	5	58.83	52.1
9	6	58.37	51.03
10	1	51.7	43.01
10	2	54.42	46.18
10	3	61.84	51.17
10	4	72.49	57.32
10	5	54.14	47.69
10	6	73.05	38.39
11	1	56.04	33.96
11	2	60.61	47.29
11	3	57.7	53.62
11	4	62.87	64.68
11	5	60.55	49.74
11	6	69.76	48.93
12	1	63.2	42.45
12	2	68.45	42.54
12	3	57.45	44.76
12	4	51.52	48.2
12	5	57.74	51.93
12	6	69.97	42.31
13	1	64.09	52.53
13	2	57.08	57.3
13	3	64.92	33.45
13	4	60.61	56.47
13	5	55.07	53.06
13	6	68.45	45.86
14	1	51.8	48.6
14	2	68.37	51.18
14	3	76.42	43.7
14	4	61.62	42.86
14	5	67.53	45.09
14	6	59.74	40.79
15	1	61.92	48.88
15	2	65.09	59.66
15	3	70.11	51.94
15	4	72.72	54.79
15	5	71.73	55.04
15	6	63.82	47.09
16	1	56.53	43.71
16	2	65.73	57.63
16	3	54.74	50.0
16	4	74.27	45.77
16	5	68.5	46.69
16	6	59.97	43.92
17	1	56.56	48.42
17	2	62.65	51.32
17	3	49.79	49.98
17	4	56.83	44.05
17	5	61.49	51.49
17	6	73.28	52.43
18	1	49.52	45.59
18	2	59.1	52.23
18	3	66.71	51.62
18	4	59.27	57.98
18	5	51.96	42.45
18	6	73.06	51.22
19	1	64.91	54.65
19	2	68.3	59.0
19	3	55.83	58.17
19	4	56.58	44.26
19	5	63.99	57.83
19	6	54.53	51.24
20	1	55.79	42.92
20	2	63.2	61.82
20	3	65.57	46.34
20	4	45.53	43.15
20	5	67.45	57.58
20	6	66.66	59.74
21	1	54.98	42.19
21	2	65.91	47.86
21	3	65.71	47.49
21	4	62.97	54.19
21	5	60.0	50.49
21	6	66.93	52.79
22	1	55.88	43.15
22	2	73.2	53.83
22	3	60.88	48.03
22	4	55.41	49.86
22	5	65.37	42.28
22	6	66.0	46.49
23	1	56.95	46.82
23	2	66.64	43.79
23	3	65.17	63.27
23	4	60.01	54.05
23	5	60.88	48.03
23	6	65.8	50.08
24	1	62.32	46.17
24	2	55.76	56.35
24	3	60.9	48.82
24	4	49.11	54.81
24	5	58.34	52.96
24	6	59.04	40.77
25	1	50.42	38.59
25	2	56.88	44.73
25	3	53.87	51.42
25	4	56.91	45.46
25	5	67.88	51.48
25	6	72.33	56.86
26	1	51.92	47.04
26	2	53.02	47.09
26	3	63.17	48.56
26	4	66.04	51.49
26	5	72.33	53.17
26	6	66.12	54.88
27	1	55.83	52.11
27	2	49.35	47.9
27	3	62.9	46.62
27	4	61.54	60.14
27	5	60.22	47.05
27	6	56.01	58.13
28	1	50.0	52.5
28	2	60.11	54.94
28	3	54.05	53.73
28	4	57.65	46.43
28	5	65.4	51.62
28	6	54.21	57.61
29	1	61.63	44.13
29	2	55.34	49.37
29	3	66.99	53.96
29	4	52.16	56.44
29	5	61.26	38.75
29	6	62.58	37.35
30	1	53.26	46.36
30	2	55.37	47.83
30	3	69.4	49.74
30	4	68.77	57.79
30	5	56.69	58.41
30	6	69.87	44.31
31	1	57.29	49.85
31	2	59.31	54.49
31	3	62.6	49.37
31	4	65.94	42.51
31	5	59.15	45.86
31	6	57.39	54.17
32	1	72.18	37.79
32	2	57.48	50.46
32	3	66.97	46.45
32	4	56.58	55.61
32	5	52.13	63.25
32	6	72.95	44.52
33	1	62.62	50.88
33	2	65.65	52.64
33	3	61.98	56.97
33	4	74.99	57.76
33	5	67.79	49.12
33	6	57.99	52.62
34	1	57.77	49.08
34	2	57.52	52.63
34	3	59.2	49.49
34	4	71.95	39.06
34	5	62.09	52.9
34	6	56.74	45.72
35	1	60.07	39.89
35	2	66.85	56.22
35	3	73.01	42.2
35	4	72.2	50.34
35	5	64.06	60.18
35	6	65.33	57.05
36	1	57.07	39.6
36	2	57.29	46.93
36	3	53.09	40.02
36	4	61.14	51.72
36	5	64.96	36.87
36	6	52.64	45.92
37	1	50.95	40.32
37	2	69.05	52.09
37	3	61.85	51.05
37	4	72.57	42.44
37	5	58.73	45.05
37	6	63.59	47.09
38	1	38.34	47.28
38	2	73.0	57.88
38	3	76.12	46.96
38	4	67.13	48.44
38	5	54.92	46.97
38	6	50.26	48.28
39	1	53.65	47.72
39	2	72.91	57.83
39	3	65.91	49.62
39	4	61.9	50.89
39	5	55.82	46.52
39	6	71.89	58.52
40	1	64.13	50.03
40	2	65.55	52.16
40	3	66.42	41.56
40	4	62.45	40.92
40	5	68.42	46.0
40	6	61.1	49.01
41	1	56.91	39.75
41	2	65.81	56.31
41	3	58.69	56.82
41	4	60.02	45.31
41	5	66.58	41.17
41	6	58.54	46.14
42	1	55.23	46.93
42	2	62.01	48.24
42	3	52.49	47.59
42	4	65.59	49.37
42	5	64.61	53.56
42	6	65.98	54.85
43	1	58.1	39.33
43	2	58.88	49.22
43	3	51.4	50.69
43	4	57.25	42.95
43	5	55.81	48.4
43	6	74.22	53.73
44	1	63.92	52.86
44	2	65.07	45.14
44	3	61.28	54.6
44	4	69.25	55.02
44	5	71.78	45.58
44	6	56.46	43.86
45	1	50.62	51.08
45	2	64.57	47.21
45	3	72.34	56.48
45	4	64.7	47.25
45	5	52.43	51.08
45	6	72.97	53.16
46	1	56.71	40.23
46	2	61.86	44.98
46	3	71.87	49.21
46	4	72.84	59.3
46	5	63.51	54.95
46	6	61.52	58.46
47	1	62.22	40.72
47	2	60.39	53.67
47	3	66.61	56.93
47	4	56.1	42.23
47	5	66.13	39.62
47	6	44.37	61.68
48	1	69.88	52.48
48	2	69.7	49.27
48	3	54.3	50.66
48	4	59.01	59.53
48	5	67.62	50.81
48	6	48.72	49.29
49	1	59.37	45.24
49	2	53.77	50.89
49	3	59.62	46.95
49	4	66.76	44.9
49	5	59.22	55.04
49	6	52.75	47.21
50	1	63.9	35.67
50	2	67.8	46.75
50	3	66.23	33.59
50	4	64.92	45.01
50	5	67.22	59.99
50	6	62.3	44.08
51	1	57.4	39.94
51	2	57.91	54.11
51	3	72.63	33.43
51	4	59.02	57.94
51	5	60.09	59.52
51	6	63.96	44.6
52	1	54.61	47.42
52	2	58.12	59.23
52	3	59.78	50.98
52	4	68.6	51.65
52	5	61.14	47.04
52	6	58.78	50.3
53	1	51.11	37.93
53	2	49.88	55.82
53	3	57.98	59.88
53	4	59.7	44.96
53	5	54.27	48.78
53	6	58.14	47.96
54	1	55.87	50.19
54	2	67.03	47.65
54	3	65.01	50.34
54	4	62.97	42.94
54	5	67.15	55.95
54	6	67.03	50.37
55	1	65.8	44.7
55	2	70.36	44.41
55	3	63.28	45.01
55	4	61.87	52.83
55	5	82.71	48.61
55	6	62.18	47.37
56	1	55.88	42.48
56	2	54.39	54.78
56	3	64.3	51.25
56	4	63.17	51.45
56	5	72.7	51.72
56	6	66.94	49.22
57	1	64.11	38.05
57	2	62.1	47.78
57	3	59.12	53.04
57	4	67.43	49.32
57	5	71.9	57.28
57	6	62.63	55.56
58	1	57.78	51.06
58	2	61.97	52.28
58	3	56.02	50.95
58	4	60.78	50.89
58	5	74.08	50.67
58	6	60.15	40.68
59	1	54.42	54.15
59	2	63.21	49.05
59	3	64.78	49.63
59	4	76.09	53.98
59	5	59.33	57.88
59	6	53.67	47.98
60	1	52.67	37.36
60	2	68.12	46.05
60	3	73.54	59.0
60	4	59.98	50.24
60	5	73.49	59.89
60	6	61.98	49.24
61	1	57.39	52.37
61	2	60.62	54.59
61	3	60.81	42.89
61	4	68.72	44.95
61	5	68.34	49.5
61	6	56.7	41.76
62	1	47.33	47.74
62	2	61.59	51.7
62	3	69.02	48.49
62	4	58.64	41.05
62	5	69.57	63.01
62	6	72.16	62.22
63	1	56.1	53.79
63	2	77.02	57.61
63	3	60.58	49.46
63	4	64.93	53.74
63	5	55.17	44.03
63	6	65.15	46.95
64	1	55.94	44.42
64	2	61.49	49.43
64	3	58.65	51.74
64	4	60.98	48.9
64	5	73.39	46.42
64	6	55.6	67.15
65	1	49.85	45.89
65	2	61.59	62.08
65	3	54.95	39.55
65	4	61.01	55.26
65	5	61.23	49.85
65	6	71.27	50.2
66	1	57.12	45.13
66	2	66.92	43.99
66	3	63.56	51.09
66	4	62.85	51.0
66	5	55.86	61.47
66	6	66.6	46.02
67	1	60.44	42.77
67	2	62.1	50.35
67	3	64.21	62.88
67	4	57.88	46.28
67	5	69.71	39.62
67	6	59.69	50.0
68	1	51.21	48.11
68	2	60.14	60.42
68	3	62.62	56.85
68	4	56.82	51.88
68	5	74.77	46.26
68	6	50.07	53.28
69	1	53.26	41.3
69	2	53.32	56.74
69	3	59.0	48.13
69	4	67.96	50.31
69	5	65.18	62.7
69	6	70.17	59.08
70	1	62.4	46.84
70	2	61.12	48.94
70	3	54.38	40.78
70	4	71.48	59.29
70	5	67.02	47.55
70	6	58.08	53.42
71	1	59.52	46.13
71	2	52.79	48.93
71	3	66.87	54.08
71	4	62.91	40.3
71	5	49.72	42.59
71	6	52.57	60.26
72	1	60.03	45.53
72	2	57.01	41.94
72	3	57.16	44.15
72	4	74.93	55.97
72	5	72.78	46.45
72	6	67.41	50.99
73	1	58.8	47.96
73	2	60.05	53.87
73	3	75.78	51.23
73	4	60.86	53.08
73	5	69.07	38.39
73	6	54.79	55.8
74	1	57.4	41.12
74	2	70.39	54.12
74	3	51.02	49.22
74	4	63.16	45.43
74	5	45.91	53.02
74	6	56.76	55.59
75	1	52.25	32.47
75	2	64.65	44.93
75	3	70.68	57.04
75	4	64.86	54.21
75	5	64.16	50.28
75	6	45.64	50.89
76	1	62.44	50.09
76	2	59.77	43.07
76	3	65.62	48.9
76	4	62.86	46.33
76	5	74.12	46.42
76	6	66.69	50.02
77	1	58.63	46.21
77	2	61.18	31.02
77	3	60.63	58.48
77	4	57.32	53.12
77	5	77.85	42.82
77	6	56.71	64.1
78	1	44.73	40.36
78	2	66.8	43.73
78	3	62.48	49.78
78	4	66.66	57.71
78	5	61.47	55.75
78	6	63.3	48.21
79	1	55.88	51.55
79	2	66.5	49.52
79	3	51.37	47.59
79	4	59.25	52.46
79	5	64.43	41.48
79	6	62.42	50.34
80	1	55.1	43.87
80	2	51.11	49.86
80	3	59.58	58.29
80	4	55.44	41.0
80	5	68.85	42.09
80	6	58.66	49.05
81	1	63.21	41.15
81	2	61.25	53.81
81	3	73.31	46.49
81	4	65.41	61.01
81	5	52.68	44.66
81	6	64.69	53.88
82	1	48.18	37.32
82	2	63.25	49.48
82	3	62.42	49.53
82	4	74.09	56.33
82	5	52.94	50.26
82	6	62.68	57.17
83	1	54.78	44.5
83	2	52.65	52.58
83	3	68.67	50.9
83	4	59.66	55.5
83	5	53.07	48.97
83	6	64.43	60.67
84	1	65.0	58.31
84	2	60.5	53.08
84	3	67.27	42.78
84	4	47.25	45.97
84	5	61.02	41.77
84	6	47.85	51.09
85	1	61.05	38.98
85	2	73.18	47.97
85	3	65.82	38.26
85	4	53.99	58.24
85	5	65.27	43.56
85	6	70.3	55.67
86	1	54.98	45.24
86	2	43.83	48.03
86	3	65.43	48.55
86	4	62.1	45.83
86	5	66.85	55.99
86	6	48.19	54.48
87	1	56.28	49.49
87	2	68.46	57.17
87	3	53.81	53.13
87	4	59.74	46.81
87	5	62.2	58.59
87	6	64.66	58.35
88	1	51.62	54.39
88	2	57.5	49.83
88	3	55.86	43.08
88	4	65.17	50.77
88	5	58.49	46.0
88	6	57.39	56.63
89	1	55.77	44.06
89	2	63.65	42.93
89	3	69.12	47.84
89	4	72.04	44.96
89	5	49.13	45.86
89	6	63.95	51.1
90	1	49.4	34.61
90	2	80.45	53.26
90	3	69.73	55.22
90	4	58.17	60.12
90	5	71.86	51.3
90	6	57.62	45.45
91	1	63.02	46.29
91	2	66.5	49.08
91	3	58.14	48.13
91	4	63.67	55.36
91	5	48.6	49.63
91	6	76.7	55.38
92	1	62.6	56.32
92	2	62.11	56.82
92	3	65.91	53.02
92	4	75.75	57.33
92	5	57.63	42.65
92	6	63.62	45.84
93	1	55.15	44.86
93	2	63.16	53.94
93	3	62.88	52.86
93	4	63.15	49.89
93	5	72.37	48.86
93	6	67.23	47.65
94	1	54.1	41.38
94	2	62.35	45.66
94	3	70.86	43.6
94	4	48.93	50.41
94	5	55.71	51.69
94	6	65.97	49.82
95	1	63.87	45.44
95	2	75.27	43.98
95	3	61.59	42.99
95	4	58.71	50.12
95	5	66.76	61.35
95	6	63.95	50.13
96	1	53.28	44.58
96	2	59.24	54.89
96	3	70.79	44.81
96	4	61.5	38.96
96	5	63.64	49.98
96	6	70.47	51.29
97	1	48.11	45.05
97	2	59.24	46.22
97	3	55.45	48.74
97	4	71.59	53.92
97	5	60.83	45.4
97	6	55.55	53.52
98	1	53.56	38.36
98	2	74.26	51.37
98	3	61.46	54.72
98	4	64.8	51.19
98	5	58.09	46.04
98	6	70.59	56.81
99	1	58.07	38.83
99	2	69.16	49.34
99	3	66.99	45.5
99	4	63.62	44.06
99	5	62.43	56.67
99	6	58.77	43.79
100	1	64.75	45.29
100	2	63.07	49.55
100	3	68.25	53.25
100	4	65.68	38.87
100	5	62.43	56.68
100	6	63.76	47.83
