# Number of nodes: 1000
# Number of edges in Barabasi graph: 3
# Graph 	 Probability 	 Different initial 	 Similar Initial
1	0.1	67.1401	47.4351
1	0.2	56.1197	47.457
1	0.3	74.3359	41.4537
1	0.4	62.4463	56.6369
1	0.5	67.2511	51.6604
2	0.1	53.651	44.5511
2	0.2	60.5372	40.826
2	0.3	76.3617	56.5107
2	0.4	56.7208	49.4665
2	0.5	65.2646	46.9733
3	0.1	55.0892	42.0655
3	0.2	71.9651	62.4157
3	0.3	54.3365	52.624
3	0.4	64.3475	53.9455
3	0.5	61.7559	51.1067
4	0.1	69.4767	55.4912
4	0.2	63.5301	60.7859
4	0.3	60.5338	44.439
4	0.4	59.2601	52.6994
4	0.5	68.847	49.3187
5	0.1	64.6426	49.4527
5	0.2	63.767	49.0044
5	0.3	61.5464	52.6291
5	0.4	59.8854	47.0129
5	0.5	68.6561	59.0107
6	0.1	72.1144	51.5443
6	0.2	57.422	46.6699
6	0.3	68.7502	33.196
6	0.4	68.8756	52.4562
6	0.5	65.9599	44.2425
7	0.1	72.3544	61.6871
7	0.2	58.9256	50.7625
7	0.3	65.3051	56.3262
7	0.4	66.8673	41.9709
7	0.5	66.519	47.2465
8	0.1	53.2166	51.0363
8	0.2	67.5032	54.7628
8	0.3	58.1566	45.7789
8	0.4	78.6402	53.1408
8	0.5	65.7394	65.0718
9	0.1	54.8105	48.6782
9	0.2	68.677	43.7373
9	0.3	61.9	41.9346
9	0.4	63.2602	50.7582
9	0.5	53.0856	47.93
10	0.1	63.7398	58.5742
10	0.2	70.3194	53.7884
10	0.3	61.8854	42.0297
10	0.4	54.3527	43.3348
10	0.5	60.0808	60.5468
11	0.1	52.7815	55.5866
11	0.2	51.3413	56.2948
11	0.3	61.7926	35.9813
11	0.4	48.9919	59.6429
11	0.5	65.9605	51.8713
12	0.1	63.8573	54.306
12	0.2	55.6888	48.2451
12	0.3	74.3158	57.2343
12	0.4	65.3846	52.7041
12	0.5	65.6089	41.8476
13	0.1	61.5409	43.1725
13	0.2	58.0678	44.3553
13	0.3	72.6073	46.6873
13	0.4	72.4692	56.9666
13	0.5	61.5845	51.3861
14	0.1	74.7273	67.3697
14	0.2	65.0675	53.9917
14	0.3	66.0501	45.404
14	0.4	51.7817	57.3734
14	0.5	51.2474	52.8459
15	0.1	69.6215	46.0202
15	0.2	60.6907	39.1714
15	0.3	56.5625	50.6695
15	0.4	55.9286	43.9344
15	0.5	60.0147	41.8965
16	0.1	77.5054	54.0295
16	0.2	56.3161	59.4536
16	0.3	66.5023	47.5707
16	0.4	69.2312	50.7575
16	0.5	65.4127	46.9936
17	0.1	67.5613	47.6454
17	0.2	60.4676	45.8059
17	0.3	55.52	43.5308
17	0.4	63.2691	50.6031
17	0.5	59.6445	55.3581
18	0.1	53.7391	51.2043
18	0.2	67.2077	41.1123
18	0.3	64.3801	49.8676
18	0.4	55.9604	45.4943
18	0.5	54.1647	43.1109
19	0.1	63.8849	49.06
19	0.2	61.2787	44.8846
19	0.3	75.7539	45.4947
19	0.4	62.2161	49.7925
19	0.5	70.7024	43.8363
20	0.1	59.1671	48.6787
20	0.2	59.4992	55.0126
20	0.3	59.8446	42.3335
20	0.4	56.0488	53.6988
20	0.5	71.0997	59.0253
21	0.1	75.4349	58.698
21	0.2	60.7842	50.7698
21	0.3	63.6726	57.3525
21	0.4	61.4226	51.7073
21	0.5	60.0756	47.4929
22	0.1	61.9265	54.8658
22	0.2	74.6654	59.4144
22	0.3	72.7355	44.2316
22	0.4	49.09	42.8877
22	0.5	63.3296	40.4442
23	0.1	67.9517	52.537
23	0.2	54.304	54.47
23	0.3	61.1957	39.4339
23	0.4	57.7669	54.4062
23	0.5	77.745	49.9072
24	0.1	77.9509	54.1667
24	0.2	60.5742	53.8004
24	0.3	51.2796	43.4842
24	0.4	58.0943	44.037
24	0.5	57.8935	50.9184
25	0.1	62.8834	49.4499
25	0.2	70.1653	56.9891
25	0.3	64.3282	44.7528
25	0.4	64.6112	54.2667
25	0.5	51.7621	49.887
26	0.1	66.7988	63.7455
26	0.2	61.9093	46.0887
26	0.3	78.9873	45.898
26	0.4	67.6959	52.6816
26	0.5	52.2278	45.2097
27	0.1	66.9887	49.4977
27	0.2	67.7319	51.4058
27	0.3	82.5162	55.2526
27	0.4	64.0709	55.97
27	0.5	65.3546	55.1896
28	0.1	70.4615	50.6234
28	0.2	56.5148	57.6721
28	0.3	62.8574	63.1986
28	0.4	68.6034	48.1236
28	0.5	65.7903	60.4203
29	0.1	60.3587	57.991
29	0.2	55.5302	45.2538
29	0.3	73.1952	46.3229
29	0.4	60.5293	53.972
29	0.5	66.0435	40.2591
30	0.1	48.5109	55.2506
30	0.2	64.0737	56.5211
30	0.3	75.8392	55.1047
30	0.4	67.1446	47.9513
30	0.5	78.0597	54.9752
31	0.1	62.9613	43.0571
31	0.2	46.8188	43.1799
31	0.3	56.3152	56.2143
31	0.4	63.1856	50.8589
31	0.5	56.9275	59.2716
32	0.1	69.6017	37.5162
32	0.2	63.19	51.9965
32	0.3	53.4415	53.9357
32	0.4	64.1185	47.1965
32	0.5	54.3021	59.1076
33	0.1	67.8062	53.7914
33	0.2	61.7079	49.3321
33	0.3	54.9231	42.4433
33	0.4	63.5874	49.1126
33	0.5	54.0986	47.4525
34	0.1	70.2246	42.752
34	0.2	64.592	45.4795
34	0.3	67.3245	41.9952
34	0.4	51.9202	38.7813
34	0.5	55.4173	47.1112
35	0.1	74.2785	44.6357
35	0.2	59.4491	54.2877
35	0.3	63.7771	50.8282
35	0.4	58.7769	57.9466
35	0.5	61.8306	52.9611
36	0.1	60.6528	61.4385
36	0.2	64.431	45.4503
36	0.3	48.6572	54.759
36	0.4	63.1637	49.8184
36	0.5	57.8144	44.5281
37	0.1	59.2664	51.4392
37	0.2	66.5732	41.3141
37	0.3	58.8838	59.3168
37	0.4	58.6576	51.6809
37	0.5	56.3821	53.0082
38	0.1	48.0314	53.207
38	0.2	68.3586	35.6337
38	0.3	52.3257	41.0241
38	0.4	73.468	57.9734
38	0.5	58.3622	64.3061
39	0.1	73.296	56.8725
39	0.2	70.56	51.2769
39	0.3	63.3334	44.6267
39	0.4	63.5734	51.0594
39	0.5	59.3589	44.5771
40	0.1	56.3894	49.1477
40	0.2	62.3657	47.0793
40	0.3	50.6205	51.4285
40	0.4	55.2955	47.8505
40	0.5	63.2354	47.158
41	0.1	56.9526	53.1334
41	0.2	69.9256	51.3638
41	0.3	60.5465	49.794
41	0.4	52.7766	49.4088
41	0.5	71.6748	53.4453
42	0.1	62.482	39.0833
42	0.2	72.1897	42.0612
42	0.3	68.2525	54.2335
42	0.4	61.3479	56.7615
42	0.5	64.97	45.7308
43	0.1	73.6379	47.7673
43	0.2	55.8238	45.2315
43	0.3	52.7938	45.3472
43	0.4	57.1043	47.5349
43	0.5	62.7024	56.253
44	0.1	71.6778	49.2617
44	0.2	58.9696	34.6514
44	0.3	74.7302	46.9486
44	0.4	56.4432	47.8971
44	0.5	64.5034	51.1008
45	0.1	69.8507	46.2821
45	0.2	54.8978	47.2315
45	0.3	54.8407	50.0097
45	0.4	59.0299	50.9072
45	0.5	60.8722	42.8351
46	0.1	49.7951	57.0894
46	0.2	51.8954	42.9121
46	0.3	56.0422	56.2106
46	0.4	63.6378	43.7234
46	0.5	63.4459	46.1986
47	0.1	55.8264	52.694
47	0.2	61.1822	55.2832
47	0.3	57.2957	40.6654
47	0.4	58.1008	52.9081
47	0.5	52.0782	41.7879
48	0.1	77.1217	34.586
48	0.2	54.0699	62.0101
48	0.3	60.2995	41.6818
48	0.4	59.4786	48.0715
48	0.5	65.2437	47.0756
49	0.1	63.8538	53.3527
49	0.2	60.2653	51.3011
49	0.3	52.9014	42.724
49	0.4	58.2657	49.6909
49	0.5	59.8273	45.1388
50	0.1	75.0124	55.0217
50	0.2	59.1695	58.7228
50	0.3	62.6435	62.7402
50	0.4	64.6875	52.6613
50	0.5	59.6214	59.0213
51	0.1	77.0345	55.1496
51	0.2	57.8448	56.0392
51	0.3	56.0889	46.5815
51	0.4	63.5916	47.0059
51	0.5	73.1389	62.4418
52	0.1	61.4795	65.3284
52	0.2	53.8318	54.6148
52	0.3	50.2432	44.3316
52	0.4	67.632	57.8237
52	0.5	47.6184	51.8122
53	0.1	55.9402	39.0103
53	0.2	64.5714	49.0803
53	0.3	65.0555	60.1934
53	0.4	48.7063	64.4244
53	0.5	59.3741	40.6523
54	0.1	52.8251	62.0733
54	0.2	63.396	53.714
54	0.3	61.5223	47.7631
54	0.4	68.1469	56.6981
54	0.5	58.6626	55.2332
55	0.1	68.4094	49.3621
55	0.2	54.1408	45.6193
55	0.3	63.8979	52.8112
55	0.4	72.2731	49.0379
55	0.5	52.1991	56.9944
56	0.1	71.6593	55.6186
56	0.2	59.175	54.929
56	0.3	67.6594	58.6576
56	0.4	62.7374	41.3632
56	0.5	50.5255	46.9388
57	0.1	67.1689	42.8226
57	0.2	65.5109	42.448
57	0.3	57.7024	42.4854
57	0.4	60.0635	54.9251
57	0.5	67.3215	50.7408
58	0.1	55.7853	49.0477
58	0.2	65.7161	59.9123
58	0.3	55.3252	49.5346
58	0.4	63.711	44.2064
58	0.5	75.5277	53.2544
59	0.1	68.0047	39.1791
59	0.2	61.3922	48.62
59	0.3	52.1807	52.4794
59	0.4	59.555	44.4279
59	0.5	62.8056	51.0968
60	0.1	65.8957	55.3339
60	0.2	58.3129	58.407
60	0.3	63.4119	52.2605
60	0.4	74.7774	55.1007
60	0.5	72.4349	55.2802
61	0.1	58.3182	54.3094
61	0.2	52.5762	61.4329
61	0.3	70.2394	33.7866
61	0.4	57.811	60.1509
61	0.5	59.1538	49.9819
62	0.1	58.4735	50.8563
62	0.2	65.6178	46.5602
62	0.3	59.7955	47.8223
62	0.4	67.6924	64.6814
62	0.5	70.2724	60.0246
63	0.1	55.3529	50.2959
63	0.2	58.5633	53.3045
63	0.3	59.5931	52.6594
63	0.4	70.7843	47.8985
63	0.5	57.1354	45.475
64	0.1	69.8969	53.5612
64	0.2	54.4461	37.6044
64	0.3	62.2438	54.4403
64	0.4	59.1689	50.876
64	0.5	64.26	53.0812
65	0.1	56.8399	43.052
65	0.2	65.4862	35.0786
65	0.3	71.1183	45.1991
65	0.4	54.807	53.4788
65	0.5	56.3479	44.3181
66	0.1	54.8934	65.3152
66	0.2	63.7879	51.091
66	0.3	60.8163	42.2127
66	0.4	71.427	37.2319
66	0.5	49.4759	43.3712
67	0.1	66.8123	42.4143
67	0.2	59.6108	45.3582
67	0.3	71.6964	51.4296
67	0.4	60.6905	55.5741
67	0.5	58.7812	48.6692
68	0.1	70.5346	56.0662
68	0.2	51.3369	50.1344
68	0.3	53.8528	42.8951
68	0.4	73.4873	49.5894
68	0.5	56.4308	48.1403
69	0.1	71.096	48.5649
69	0.2	72.9156	42.0867
69	0.3	61.0898	38.2855
69	0.4	68.2628	40.2274
69	0.5	57.1938	37.735
70	0.1	67.0964	41.104
70	0.2	59.2092	48.4313
70	0.3	62.2923	40.7739
70	0.4	65.5467	55.3232
70	0.5	64.6345	48.441
71	0.1	63.7459	57.1879
71	0.2	59.6302	46.9004
71	0.3	76.9294	44.3418
71	0.4	68.2224	39.3873
71	0.5	60.2564	51.8817
72	0.1	61.7415	58.0312
72	0.2	76.1671	41.2528
72	0.3	67.9992	46.8237
72	0.4	59.2349	48.9603
72	0.5	53.8375	52.0269
73	0.1	59.4567	49.0729
73	0.2	54.8675	50.3354
73	0.3	61.8544	51.9462
73	0.4	72.6277	47.9034
73	0.5	58.536	49.0767
74	0.1	62.9822	52.1988
74	0.2	64.0178	46.813
74	0.3	68.1495	55.3233
74	0.4	60.4704	58.2931
74	0.5	51.5881	49.5575
75	0.1	50.0359	46.9035
75	0.2	50.7944	48.4401
75	0.3	72.5067	47.4353
75	0.4	68.0891	51.6043
75	0.5	48.0718	50.2352
76	0.1	66.0083	40.4913
76	0.2	61.3202	53.1926
76	0.3	69.3032	61.5704
76	0.4	73.2956	56.0541
76	0.5	56.6619	47.5148
77	0.1	76.0251	54.4424
77	0.2	67.8564	57.2929
77	0.3	64.4878	45.8729
77	0.4	54.1577	52.1919
77	0.5	59.1951	47.9557
78	0.1	57.5554	50.7861
78	0.2	66.9041	51.9654
78	0.3	72.8164	48.7641
78	0.4	77.3954	47.3438
78	0.5	58.1915	47.9206
79	0.1	56.3322	51.4866
79	0.2	60.4181	48.7701
79	0.3	50.49	55.1687
79	0.4	79.7809	53.4139
79	0.5	63.652	60.4054
80	0.1	64.8695	51.3798
80	0.2	70.1104	49.7635
80	0.3	68.2848	47.5101
80	0.4	61.0739	42.893
80	0.5	60.1108	38.4487
81	0.1	56.1439	55.9293
81	0.2	52.7003	35.4329
81	0.3	57.053	57.1313
81	0.4	49.0862	44.0917
81	0.5	65.9418	41.9483
82	0.1	63.0626	43.5129
82	0.2	65.6057	45.3093
82	0.3	70.975	49.9018
82	0.4	63.0128	51.0125
82	0.5	53.7612	49.2766
83	0.1	60.72	54.6443
83	0.2	64.5633	43.0519
83	0.3	65.4536	60.2597
83	0.4	58.5701	49.3306
83	0.5	68.9392	47.1103
84	0.1	68.4996	53.6351
84	0.2	57.8827	49.3127
84	0.3	66.198	47.7678
84	0.4	58.6465	48.1651
84	0.5	54.3125	46.1269
85	0.1	59.9071	58.0071
85	0.2	69.815	48.5017
85	0.3	70.6333	60.2115
85	0.4	56.2228	51.7426
85	0.5	59.891	46.8769
86	0.1	49.6499	42.706
86	0.2	65.2273	48.1834
86	0.3	64.6342	51.4078
86	0.4	64.2487	38.3221
86	0.5	64.7819	45.3445
87	0.1	61.3206	47.2149
87	0.2	58.919	59.8526
87	0.3	63.5538	54.2447
87	0.4	64.5434	58.9719
87	0.5	59.1145	50.0664
88	0.1	61.0775	49.416
88	0.2	64.4651	57.8408
88	0.3	62.2638	52.3369
88	0.4	61.014	51.5572
88	0.5	63.0626	49.4251
89	0.1	62.0908	45.2546
89	0.2	63.8488	52.9112
89	0.3	57.1391	43.7315
89	0.4	69.7219	55.1561
89	0.5	67.7221	54.995
90	0.1	67.4895	53.1733
90	0.2	56.1903	45.1585
90	0.3	61.2304	50.6339
90	0.4	52.9215	49.5534
90	0.5	63.211	45.9264
91	0.1	71.4014	57.6695
91	0.2	71.4258	54.598
91	0.3	62.6231	51.0253
91	0.4	56.5388	58.5216
91	0.5	72.5202	55.3613
92	0.1	60.6562	46.571
92	0.2	55.9018	55.5897
92	0.3	66.7522	52.6741
92	0.4	63.7579	47.3985
92	0.5	63.3542	47.4142
93	0.1	53.4404	54.852
93	0.2	63.7862	59.9905
93	0.3	71.1192	56.2752
93	0.4	61.5363	48.23
93	0.5	59.6879	52.7468
94	0.1	67.6862	48.8948
94	0.2	62.3848	54.8842
94	0.3	75.1554	56.1061
94	0.4	66.5975	45.3988
94	0.5	55.9069	58.5794
95	0.1	60.1351	43.9123
95	0.2	54.4662	40.7207
95	0.3	73.121	56.9134
95	0.4	58.1626	43.9203
95	0.5	72.8363	46.5483
96	0.1	60.833	51.4015
96	0.2	64.2604	52.6519
96	0.3	60.4529	48.5946
96	0.4	65.9173	42.9297
96	0.5	69.6449	56.2761
97	0.1	54.9958	54.1453
97	0.2	52.7939	59.6007
97	0.3	72.2086	51.0162
97	0.4	72.7448	51.2676
97	0.5	61.6083	60.9245
98	0.1	63.0107	51.8266
98	0.2	49.707	40.2971
98	0.3	64.8839	41.7147
98	0.4	56.5812	55.3378
98	0.5	58.072	49.8076
99	0.1	67.5203	55.5187
99	0.2	78.2151	61.147
99	0.3	51.4828	55.0705
99	0.4	68.7899	59.059
99	0.5	70.8873	47.4149
100	0.1	68.1154	48.3571
100	0.2	74.3533	52.86
100	0.3	68.7166	48.543
100	0.4	61.7863	54.6362
100	0.5	61.2381	46.4988
